0.000351 0.000000 0.234776 0.000000 -0.000000 -0.000000 1.000000
0.000352 0.000000 0.234776 0.000000 -0.000000 -0.000000 1.000000
0.000352 0.000000 0.234776 0.000000 -0.000000 -0.000000 1.000000
0.000353 0.000000 0.234776 0.000000 -0.000000 -0.000000 1.000000
0.000353 0.000000 0.234776 0.000000 -0.000000 -0.000000 1.000000
0.000354 0.000000 0.234776 0.000000 -0.000000 -0.000000 1.000000
0.063651 0.000000 0.234776 0.000000 -0.000001 -0.000000 1.000000
0.404659 -0.000001 0.234774 -0.000000 0.000004 -0.000000 1.000000
0.676726 -0.000001 0.234775 -0.000000 -0.000002 -0.000000 1.000000
0.787727 -0.000004 0.234784 -0.000000 -0.000001 0.000000 1.000000
1.253659 -0.000005 0.234745 0.000001 -0.000009 0.000000 1.000000
1.836537 -0.000005 0.234680 0.000001 0.000033 0.000000 1.000000
2.155504 -0.046305 0.234000 -0.001586 0.000218 -0.096072 0.995373
1.967345 -0.005388 0.233439 0.002569 -0.000015 -0.109582 0.993974
2.111210 -0.035057 0.234778 0.000010 -0.000000 -0.120969 0.992656
2.086030 -0.017330 0.234747 0.000067 0.000015 -0.198127 0.980176
2.091998 -0.094665 0.234557 -0.000395 0.000123 -0.493865 0.869538
2.084362 -0.017437 0.234672 0.000507 0.000032 -0.572370 0.819995
2.157185 -0.214779 0.234301 -0.000788 0.000362 -0.592088 0.805873
2.121967 -0.120265 0.234757 -0.000044 0.000013 -0.613767 0.789487
2.091866 -0.075857 0.234722 -0.000106 0.000042 -0.674471 0.738301
2.110131 -0.132900 0.234776 -0.000001 -0.000001 -0.713285 0.700874
2.102700 -0.556051 0.234775 0.000000 0.000000 -0.713285 0.700874
2.090059 -1.276130 0.234776 -0.000001 -0.000001 -0.713285 0.700874
2.074495 -2.162703 0.234775 0.000003 0.000002 -0.713285 0.700874
2.059802 -2.999732 0.234776 -0.000001 -0.000001 -0.713285 0.700874
2.070189 -3.393214 0.234778 -0.000004 0.000008 -0.638476 0.769642
2.052412 -3.372066 0.234781 -0.000001 0.000006 -0.540261 0.841497
1.976259 -3.292561 0.234775 -0.000010 0.000006 -0.186252 0.982502
1.873013 -3.234925 0.234775 0.000000 -0.000009 0.161715 0.986837
1.728553 -3.274834 0.234725 0.000063 0.000068 0.174023 0.984742
1.792383 -3.237924 0.234776 -0.000000 0.000000 0.025143 0.999684
2.004892 -3.227234 0.234773 0.000004 -0.000003 0.025138 0.999684
2.596214 -3.197472 0.234776 -0.000001 -0.000001 0.025139 0.999684
3.195464 -3.167316 0.234776 0.000001 0.000001 0.025138 0.999684
3.860632 -3.133842 0.234776 0.000000 0.000000 0.025138 0.999684
4.537778 -3.099766 0.234776 -0.000001 -0.000000 0.025137 0.999684
5.190951 -3.066899 0.234776 -0.000001 -0.000001 0.025136 0.999684
5.850128 -3.033731 0.234777 0.000001 0.000001 0.025134 0.999684
6.527277 -2.999658 0.234776 -0.000000 0.000000 0.025134 0.999684
7.032297 -2.996428 0.234519 0.000362 -0.000230 0.085626 0.996327
7.089368 -2.970192 0.234773 0.000017 -0.000002 0.126506 0.991966
6.980146 -3.002461 0.234496 -0.000504 0.000053 0.138746 0.990328
7.001280 -3.000853 0.234693 -0.000161 0.000026 0.176428 0.984313
7.029711 -3.000153 0.234737 -0.000084 0.000015 0.223791 0.974637
6.996038 -3.022611 0.234782 0.000001 0.000006 0.396646 0.917972
7.112053 -2.899353 0.234758 0.000030 0.000001 0.396652 0.917969
7.551414 -2.432476 0.234773 0.000004 0.000004 0.396653 0.917969
8.077723 -1.873203 0.234774 0.000001 -0.000003 0.396663 0.917964
8.625947 -1.290621 0.234775 -0.000000 0.000002 0.396675 0.917959
9.234459 -0.643943 0.234770 0.000003 -0.000002 0.396689 0.917953
9.853926 0.014414 0.234774 0.000001 -0.000003 0.396697 0.917950
10.313150 0.502175 0.234783 -0.000000 -0.000003 0.389692 0.920945
10.596949 0.792457 0.234780 -0.000006 -0.000001 0.218161 0.975913
10.653216 0.841210 0.234684 0.000171 0.000083 0.171349 0.985210
10.799388 0.903484 0.234774 0.000015 0.000008 0.120747 0.992683
10.806327 0.919570 0.234759 0.000042 0.000018 0.037092 0.999312
10.925691 0.923997 0.234778 0.000005 -0.000002 -0.026979 0.999636
11.123219 0.913329 0.234776 0.000001 -0.000003 -0.026977 0.999636
11.665298 0.884046 0.234776 -0.000000 -0.000001 -0.026983 0.999636
12.288388 0.850382 0.234775 -0.000000 -0.000002 -0.026986 0.999636
12.941439 0.815094 0.234776 0.000002 -0.000000 -0.026989 0.999636
13.528594 0.783365 0.234776 0.000001 -0.000000 -0.026992 0.999636
14.139708 0.750338 0.234776 0.000000 0.000001 -0.026994 0.999636
14.744829 0.717632 0.234776 -0.000000 -0.000000 -0.026996 0.999636
15.338539 0.685543 0.234779 -0.000008 0.000001 -0.027015 0.999635
15.713861 0.661181 0.234781 -0.000003 -0.000000 -0.040148 0.999194
15.910023 0.649638 0.234777 0.000001 0.000001 -0.070980 0.997478
15.904841 0.612164 0.233566 -0.001915 -0.000491 -0.150011 0.988682
15.896663 0.507021 0.234561 -0.000264 -0.000075 -0.334622 0.942352
15.815587 0.381614 0.234750 -0.000043 -0.000001 -0.570852 0.821053
15.748485 0.383456 0.234776 0.000001 0.000000 -0.710556 0.703641
15.747547 0.288120 0.234774 0.000001 -0.000005 -0.710561 0.703635
15.742206 -0.257626 0.234775 -0.000001 -0.000002 -0.710561 0.703636
15.733306 -1.166874 0.234776 -0.000000 0.000001 -0.710559 0.703637
15.722345 -2.286830 0.234777 -0.000001 0.000002 -0.710558 0.703639
15.712658 -3.276786 0.234776 -0.000001 0.000002 -0.710557 0.703639
15.702679 -4.296742 0.234776 -0.000001 0.000001 -0.710557 0.703640
15.692896 -5.296699 0.234776 -0.000000 0.000001 -0.710556 0.703640
15.682334 -6.376654 0.234776 -0.000001 0.000002 -0.710556 0.703641
15.672458 -7.386610 0.234776 -0.000000 0.000001 -0.710555 0.703641
15.662485 -8.406566 0.234776 -0.000000 0.000001 -0.710555 0.703642
15.653002 -9.376524 0.234776 0.000000 -0.000001 -0.710554 0.703643
15.642251 -10.476478 0.234776 -0.000000 0.000001 -0.710554 0.703643
15.632381 -11.486435 0.234776 -0.000000 -0.000000 -0.710553 0.703644
15.621438 -12.606390 0.234777 -0.000001 0.000002 -0.710552 0.703644
15.611622 -13.371743 0.234962 -0.000293 -0.000572 -0.705913 0.708298
15.607619 -13.360334 0.245400 -0.020261 -0.015520 -0.722112 0.691306
15.611436 -13.340146 0.234773 0.000006 0.000012 -0.713125 0.701037
15.617694 -12.974015 0.234774 0.000003 0.000003 -0.713122 0.701040
15.630954 -12.198290 0.234776 0.000002 0.000001 -0.713125 0.701037
15.662680 -11.349338 0.234776 -0.000001 -0.000003 -0.747404 0.664370
15.707204 -11.004599 0.232617 -0.003148 0.003102 -0.795813 0.605526
15.726218 -10.919261 0.234779 -0.000005 0.000006 -0.798180 0.602419
15.756445 -10.941838 0.234782 -0.000006 0.000001 -0.842033 0.539426
15.677197 -11.099928 0.234730 -0.000059 0.000068 -0.972910 0.231184
15.704777 -11.182442 0.234684 -0.000043 -0.000133 -0.999304 0.037290
15.819278 -11.207039 0.234781 -0.000001 -0.000005 -0.989567 0.144074
15.622307 -11.254644 0.234658 0.000045 -0.000185 -0.981755 0.190148
15.318452 -11.377031 0.234771 -0.000006 0.000004 -0.981754 0.190156
14.786433 -11.591169 0.234774 -0.000002 -0.000001 -0.981751 0.190170
14.200568 -11.794933 0.234780 -0.000003 0.000005 -0.991004 0.133832
13.668435 -11.880538 0.234780 0.000000 -0.000006 -0.999815 0.019241
13.249899 -11.867257 0.234773 0.000006 -0.000000 -0.999985 -0.005564
12.937525 -11.863780 0.234749 -0.000017 -0.000000 -0.999985 -0.005566
12.260327 -11.856215 0.234775 0.000000 -0.000001 -0.999984 -0.005613
11.169898 -11.843971 0.234775 0.000003 0.000001 -0.999984 -0.005621
10.192857 -11.832972 0.234768 0.000015 -0.000011 -0.999984 -0.005640
9.516653 -11.825156 0.234776 -0.000001 0.000003 -0.999980 -0.006314
9.337309 -11.825613 0.234781 0.000001 -0.000004 -0.999738 -0.022876
9.479397 -11.886991 0.234484 0.000152 0.000587 -0.982319 -0.187214
9.516421 -11.993945 0.234682 0.000184 0.000136 -0.866780 -0.498691
9.511209 -12.016266 0.234783 0.000000 -0.000002 -0.683173 -0.730257
9.493061 -12.031870 0.234782 -0.000002 -0.000005 -0.416376 -0.909193
9.391450 -12.071405 0.234776 0.000000 -0.000000 -0.281119 -0.959673
9.391446 -12.071407 0.234776 0.000000 -0.000000 -0.281119 -0.959673
9.384776 -12.063487 0.234532 -0.000293 -0.000353 -0.260819 -0.965388
9.385097 -11.961658 0.234770 -0.000014 -0.000007 -0.088615 -0.996066
9.394671 -11.923814 0.234776 0.000000 -0.000000 0.084019 -0.996464
9.471062 -11.959497 0.234761 0.000008 -0.000002 0.015656 -0.999877
9.470966 -11.959500 0.234752 -0.000006 0.000022 0.015652 -0.999877
9.470932 -11.959500 0.234752 -0.000008 0.000030 0.015652 -0.999878
9.470911 -11.959500 0.234751 -0.000008 0.000032 0.015651 -0.999878
9.470892 -11.959499 0.234751 -0.000008 0.000033 0.015651 -0.999878
